{
    "M-STFT": 3.6195860647926694,
    "log2f0_mean": 0.1829155184207935,
    "FAD": 0.8916101582015141
}