{
    "M-STFT": 10.451463021409397,
    "log2f0_mean": 16.33777679685277,
    "FAD": 8.951733840069291
}