{
    "M-STFT": 3.532744881539299,
    "log2f0_mean": 0.18187816835748183,
    "FAD": 0.9512019388321473
}